The results for printing all Students from the AVL tree inOrder traversal


1
2
3
4
5
6
7
8
10
11
12
13
13
14
15
16
19
20
21
22
22
23
24
25
26
28
29
29
30
31
31
32
33
34
37
38
39
40
40
41
42
43
43
44
45
47
47
48
49
51
52
53
54
54
55
56
57
60
61
62
63
63
64
65
66
66
67
68
69
73
74
75
76
76
77
78
79
80
80
81
82
82
83
84
85
85
86
87
88
92
93
94
95
95
96
97
98
98
99
100
101
102
104
105
105
106
107
107
108
109
110
114
115
116
117
117
118
119
120
120
121
122
123
123
124
125
126
127
127
128
129
132
133
134
135
135
136
137
138
138
139
140
141
145
146
147
148
148
149
150
151
151
152
153
154
154
155
156
157
160
161
162
163
163
164
165
166
166
167
168
169
173
174
175
176
176
177
178
179
179
180
181
182
182
183
184
185
189
190
191
192
192
193
194
195
195
196
197
198
198
199
200
201
206
207
208
209
209
210
211
212
212
213
214
215
215
216
217
218
219
219
220
221
221
222
223
224
228
229
230
231
231
232
233
234
234
235
236
238
238
239
240
240
241
242
243
247
248
249
250
250
251
252
254
254
255
256
256
257
258
259
259
260
261
262
266
267
268
269
269
270
271
272
272
273
274
275
275
276
277
278
282
283
284
285
285
286
287
288
288
289
290
291
291
292
293
294
298
299
300
301
301
302
303
304
304
305
306
307
307
308
309
310
315
316
317
318
318
319
320
322
322
323
324
324
325
326
327
327
328
329
330
330
331
332
333
338
339
340
341
341
342
343
344
344
345
346
347
347
348
349
350
350
351
352
353
357
358
359
360
360
361
362
363
363
364
365
366
366
367
368
369
374
375
376
377
377
378
379
380
380
381
382
383
383
384
385
386
386
387
388
389
395
396
397
398
398
399
400
402
404
405
405
406
407
407
408
409
410
410
411
412
413
413
414
415
416
416
417
418
419
424
425
426
427
427
428
429
430
430
431
432
433
434
436
437
437
438
439
439
440
441
442
442
443
444
445
450
451
452
453
453
454
455
456
456
457
458
459
459
460
461
462
462
463
464
465
470
471
472
473
473
474
475
476
476
477
478
479
479
480
481
482
482
483
484
485
490
491
492
493
493
494
495
496
496
497
498
499
499
500
501
502
502
503
504
505
511
512
513
514
514
515
516
518
518
519
520
520
521
522
523
523
524
525
526
526
527
528
529
529
530
531
532
538
539
540
541
541
542
543
544
544
545
546
547
547
548
549
550
550
551
552
553
553
554
555
557
557
558
559
564
565
566
567
567
568
569
570
571
573
574
574
575
576
576
577
578
579
579
580
581
582
582
583
584
585
591
592
593
594
594
595
596
597
597
598
599
600
600
601
602
603
604
604
605
606
606
607
608
609
609
610
611
612
616
617
618
619
619
620
621
622
622
623
624
625
625
626
627
628
633
634
635
636
636
637
638
639
639
640
641
642
642
643
644
645
645
646
647
648
653
654
655
656
656
657
658
659
659
660
661
662
662
663
664
665
665
666
667
668
673
674
675
676
676
677
678
679
679
680
681
682
682
683
684
685
685
686
687
688
693
694
695
696
696
697
698
699
699
700
701
702
703
705
706
706
707
708
708
709
710
711
711
712
713
714
718
719
720
721
721
722
723
724
724
725
726
727
727
728
729
730
735
736
737
738
738
739
740
741
741
742
743
744
744
745
746
747
747
748
749
750
756
757
758
759
759
760
761
762
762
763
764
765
765
766
767
768
768
769
770
771
771
772
773
774
779
780
781
782
782
783
784
785
785
786
787
788
788
789
790
791
791
792
793
794
799
800
801
802
802
803
804
805
805
806
807
808
808
809
810
811
811
812
813
814
820
821
822
823
823
824
825
827
829
830
830
831
832
832
833
834
835
835
836
837
838
838
839
840
841
841
842
843
844
849
850
851
852
852
853
854
855
855
856
857
858
858
859
860
861
861
862
863
864
870
871
872
873
873
874
875
877
879
880
880
881
882
882
883
884
885
885
886
887
888
888
889
890
891
891
892
893
894
900
901
902
903
903
904
905
907
909
910
910
911
912
912
913
914
915
915
916
917
918
918
919
920
921
921
922
923
924
930
931
932
933
933
934
935
936
936
937
938
939
939
940
941
942
942
943
944
945
945
946
947
948
954
955
956
957
957
958
959
960
960
961
962
963
963
964
965
966
967
967
968
969
969
970
971
972
972
973
974
975
981
982
983
984
984
985
986
987
987
988
989
990
990
991
992
993
993
994
995
996
996
997
998
999
1005
1006
1007
1008
1008
1009
1010
1011
1011
1012
1013
1014
1014
1015
1016
1017
1017
1018
1019
1020
1020
1021
1022
1023
1028
1029
1030
1031
1031
1032
1033
1034
1034
1035
1036
1037
1037
1038
1039
1040
1040
1041
1042
1043
1049
1050
1051
1052
1052
1053
1054
1055
1055
1056
1057
1058
1058
1059
1060
1061
1061
1062
1063
1064
1064
1065
1066
1067
1073
1074
1075
1076
1076
1077
1078
1079
1079
1080
1081
1082
1082
1083
1084
1085
1085
1086
1087
1088
1088
1089
1090
1091
1096
1097
1098
1099
1099
1100
1101
1102
1102
1103
1104
1105
1105
1106
1107
1108
1108
1109
1110
1111
1118
1119
1120
1121
1121
1122
1123
1124
1125
1125
1126
1127
1127
1128
1129
1130
1130
1131
1132
1133
1133
1134
1135
1136
1136
1137
1138
1139
1139
1140
1141
1142
1148
1149
1150
1151
1151
1152
1153
1154
1155
1155
1156
1157
1157
1158
1159
1160
1160
1161
1162
1163
1163
1164
1165
1166
1166
1167
1168
1169
1175
1176
1177
1178
1178
1179
1180
1181
1181
1182
1183
1184
1184
1185
1186
1187
1187
1188
1189
1190
1190
1191
1192
1193
1199
1200
1201
1202
1202
1203
1204
1205
1206
1206
1207
1208
1208
1209
1210
1211
1211
1212
1213
1214
1214
1215
1216
1217
1217
1218
1219
1220
1225
1226
1227
1228
1228
1229
1230
1231
1231
1232
1233
1234
1234
1235
1236
1237
1237
1238
1239
1240
1245
1246
1247
1248
1248
1249
1250
1251
1251
1252
1253
1254
1254
1255
1256
1257
1257
1258
1259
1260
1265
1266
1267
1268
1268
1269
1270
1271
1271
1272
1273
1274
1274
1275
1276
1277
1277
1278
1279
1280
1285
1286
1287
1288
1288
1289
1290
1291
1291
1292
1293
1294
1294
1295
1296
1297
1297
1298
1299
1300
1306
1307
1308
1309
1309
1310
1311
1312
1312
1313
1314
1315
1315
1316
1317
1318
1318
1319
1320
1321
1321
1322
1323
1324
1330
1331
1332
1333
1333
1334
1335
1336
1336
1337
1338
1339
1340
1340
1341
1342
1342
1343
1344
1345
1345
1346
1347
1348
1348
1349
1350
1351
1357
1358
1359
1360
1360
1361
1362
1363
1363
1364
1365
1366
1366
1367
1368
1369
1369
1370
1371
1372
1372
1373
1374
1375
1381
1382
1383
1384
1384
1385
1386
1387
1387
1388
1389
1390
1390
1391
1392
1393
1393
1394
1395
1396
1396
1397
1398
1399
1405
1406
1407
1408
1408
1409
1410
1411
1411
1412
1413
1414
1414
1415
1416
1417
1417
1418
1419
1420
1420
1421
1422
1423
1429
1430
1431
1432
1432
1433
1434
1435
1435
1436
1437
1438
1438
1439
1440
1441
1441
1442
1443
1444
1444
1445
1446
1447
1454
1455
1456
1457
1457
1458
1459
1460
1460
1461
1462
1464
1464
1465
1466
1466
1467
1468
1469
1469
1470
1471
1472
1472
1473
1474
1475
1475
1476
1477
1478
1484
1485
1486
1487
1487
1488
1489
1490
1490
1491
1492
1493
1493
1494
1495
1496
1496
1497
1498
1499
1499
1500
1501
1502
1508
1509
1510
1511
1511
1512
1513
1514
1514
1515
1516
1517
1517
1518
1519
1520
1520
1521
1522
1523
1523
1524
1525
1526
1533
1534
1535
1536
1536
1537
1538
1539
1539
1540
1541
1542
1542
1543
1544
1545
1545
1546
1547
1549
1551
1552
1552
1553
1554
1554
1555
1556
1557
1557
1558
1559
1560
1567
1568
1569
1570
1570
1571
1572
1573
1573
1574
1575
1576
1576
1577
1578
1579
1579
1580
1581
1582
1582
1583
1584
1585
1585
1586
1587
1588
1595
1596
1597
1598
1598
1599
1600
1601
1601
1602
1603
1604
1605
1605
1606
1607
1607
1608
1609
1610
1610
1611
1612
1613
1613
1614
1615
1616
1616
1617
1618
1619
1625
1626
1627
1628
1628
1629
1630
1631
1631
1632
1633
1634
1634
1635
1636
1637
1637
1638
1639
1640
1640
1641
1642
1643
1650
1651
1652
1653
1653
1654
1655
1656
1657
1659
1660
1660
1661
1662
1662
1663
1664
1665
1665
1666
1667
1668
1668
1669
1670
1671
1671
1672
1673
1674
1674
1675
1676
1677
1683
1684
1685
1686
1686
1687
1688
1689
1689
1690
1691
1692
1692
1693
1694
1695
1695
1696
1697
1698
1698
1699
1700
1701
1707
1708
1709
1710
1710
1711
1712
1713
1713
1714
1715
1716
1716
1717
1718
1719
1719
1720
1721
1722
1722
1723
1724
1725
1731
1732
1733
1734
1734
1735
1736
1737
1737
1738
1739
1740
1741
1743
1744
1744
1745
1746
1746
1747
1748
1749
1749
1750
1751
1752
1752
1753
1754
1755
1761
1762
1763
1764
1764
1765
1766
1767
1767
1768
1769
1770
1770
1771
1772
1773
1773
1774
1775
1776
1776
1777
1778
1779
1785
1786
1787
1788
1788
1789
1790
1791
1791
1792
1793
1794
1794
1795
1796
1797
1797
1798
1799
1800
1800
1801
1802
1803
1809
1810
1811
1812
1812
1813
1814
1815
1816
1816
1817
1818
1818
1819
1820
1821
1821
1822
1823
1824
1824
1825
1826
1827
1827
1828
1829
1830
1837
1838
1839
1840
1840
1841
1842
1843
1844
1846
1847
1847
1848
1849
1849
1850
1851
1852
1852
1853
1854
1855
1855
1856
1857
1858
1858
1859
1860
1861
1861
1862
1863
1864
1870
1871
1872
1873
1873
1874
1875
1876
1876
1877
1878
1879
1879
1880
1881
1882
1882
1883
1884
1885
1885
1886
1887
1888
1895
1896
1897
1898
1898
1899
1900
1902
1902
1903
1904
1904
1905
1906
1907
1907
1908
1909
1910
1910
1911
1912
1913
1913
1914
1915
1916
1916
1917
1918
1919
1926
1927
1928
1929
1929
1930
1931
1932
1932
1933
1934
1935
1935
1936
1937
1938
1938
1939
1940
1941
1941
1942
1943
1944
1944
1945
1946
1947
1954
1955
1956
1957
1957
1958
1959
1960
1960
1961
1962
1963
1963
1964
1965
1966
1966
1967
1968
1969
1969
1970
1971
1972
1972
1973
1974
1975
1981
1982
1983
1984
1984
1985
1986
1987
1988
1988
1989
1990
1990
1991
1992
1993
1993
1994
1995
1996
1996
1997
1998
1999
1999
2000
2001
2002
2010
2011
2012
2013
2013
2014
2015
2016
2017
2019
2020
2020
2021
2022
2022
2023
2024
2025
2025
2026
2027
2028
2028
2029
2030
2031
2031
2032
2033
2034
2034
2035
2036
2037
2037
2038
2039
2040
2046
2047
2048
2049
2049
2050
2051
2052
2052
2053
2054
2055
2055
2056
2057
2058
2058
2059
2060
2061
2061
2062
2063
2064
2070
2071
2072
2073
2073
2074
2075
2076
2076
2077
2078
2079
2079
2080
2081
2082
2082
2083
2084
2085
2085
2086
2087
2088
2095
2096
2097
2098
2098
2099
2100
2101
2102
2104
2105
2105
2106
2107
2107
2108
2109
2110
2110
2111
2112
2113
2113
2114
2115
2116
2116
2117
2118
2119
2119
2120
2121
2122
2128
2129
2130
2131
2131
2132
2133
2134
2134
2135
2136
2137
2137
2138
2139
2140
2140
2141
2142
2143
2143
2144
2145
2146
2153
2154
2155
2156
2156
2157
2158
2159
2159
2160
2161
2162
2162
2163
2164
2165
2165
2166
2167
2168
2168
2169
2170
2171
2171
2172
2173
2174
2182
2183
2184
2185
2185
2186
2187
2188
2188
2189
2190
2191
2191
2192
2193
2194
2195
2197
2198
2198
2199
2200
2200
2201
2202
2203
2203
2204
2205
2206
2206
2207
2208
2209
2209
2210
2211
2212
2218
2219
2220
2221
2221
2222
2223
2224
2224
2225
2226
2227
2227
2228
2229
2230
2230
2231
2232
2233
2233
2234
2235
2236
2244
2245
2246
2247
2247
2248
2249
2250
2251
2253
2254
2254
2255
2256
2256
2257
2258
2259
2259
2260
2261
2262
2262
2263
2264
2265
2265
2266
2267
2268
2268
2269
2270
2271
2271
2272
2273
2274
MLLNOA014 Noah Maluleke
 KHZOMA010 Omaatla Khoza
  BXXBON021 Bonolo Booi
   BLYLET001 Letlotlo Baloyi
    BLYLEA007 Leano Baloyi
     BLYBOK010 Bokang Baloyi
    BTHAMO046 Amogelang Buthelezi
     BRHKAT039 Katlego Abrahams
      BRHKAT027 Katlego Abrahams
      BRHTHA016 Thandolwethu Abrahams
     BTHOMP036 Omphile Buthelezi
      BTHFAI001 Faith Buthelezi
      BXXAMO012 Amogelang Booi
   DMSMEL001 Melokuhle Adams
    CHKONT018 Onthatile Chauke
     BYSISA008 Isabella Booysen
      BXXLIN013 Lingomso Booi
       BXXKUN028 Kungawo Booi
      BYSOTH022 Othalive Booysen
     DLMORA019 Oratilwe Dlamini
      DMSAMO013 Amogelang Adams
    GMDJAY002 Jayden Gumede
     DNLANG012 Angel Daniels
      DMSMEL019 Melokuhle Adams
      GMDAMA007 Amahle Gumede
       DVDREN016 Reneilwe Davids
     JCBAMO006 Amohelang Jacobs
      HNDOMA024 Omaatla Hendricks
      JCBSIP004 Siphesihle Jacobs
  MGLLET011 Lethabo Mogale
   LWXAMO032 Amogelang Louw
    KLSLIS010 Lisakhanya Klaas
     KLSLES018 Lesedi Klaas
    LYNLIN023 Lingomso Olyn
     LWXLIN024 Lingomso Louw
      LWXIMI012 Iminathi Louw
      LWXORA017 Oratile Louw
     MFKHLE011 Hlelokuhle Mofokeng
      MDKREA019 Reatlegile Madikizela
      MGLEMI018 Emihle Mogale
   MHLOMO027 Omolemo Mohlala
    MHLLET089 Lethokuhle Mahlangu
     MHLALU039 Alunamda Mahlangu
     MHLLUB028 Lubanzi Mohlala
      MHLLWA009 Lwandle Mohlala
    MKNCAL005 Caleb Mokoena
     MKHALW012 Alwande Mkhize
     MKNJOS001 Joshua Mokoena
      MKNISA003 Isabella Mokoena
      MLLASE002 Asemahle Maluleke
 NKNTHA021 Thato Nkuna
  MTNBLE006 Blessing Motaung
   MSKLEA037 Leano Maseko
    MNGJAY014 Jayden Moeng
     MLTLUK019 Luke Malatji
      MLTBOK022 Bokamoso Malatji
       MLLREN014 Reneilwe Maluleke
       MLTENZ017 Enzokuhle Malatji
      MLTLUP014 Luphawu Malatji
       MLXKAR007 Karabo Moloi
     MNSBOK019 Bokamoso Mnisi
      MNSALU019 Alunamda Mnisi
      MSKKAM027 Kamogelo Maseko
       MSKKAM016 Kamogelo Maseko
    MTHMPH020 Mpho Mathebula
     MSXKAT030 Katleho Mosia
      MTHKAR003 Karabo Mthembu
     MTHOTH046 Othalive Mthembu
      MTLLET037 Lethabo Motloung
   NGCAMO020 Amogelang Ngcobo
    MTNSPH001 Sphesihle Motaung
     MTNREN009 Reneilwe Motaung
     NDLPHE007 Phenyo Ndlovu
    NKNBOK042 Bokamoso Nkuna
     NHLLUT014 Luthando Nhlapo
      NGWORA021 Oratilwe Ngwenya
     NKNLIN001 Lingomso Nkuna
      NKNLUB013 Lubanzi Nkuna
  TSHLES016 Lesedi Tshabalala
   PTRREM007 Remofilwe Peter
    PTRELI021 Elijah Peter
     NKSSIP001 Siphesihle Nkosi
      NKSOMO015 Omolemo Nkosi
     PTRLWA027 Lwandle Peter
      PTRLEB007 Lebogang Peter
      PTRMEL007 Melokuhle Peter
    SHBLIK004 Likuwe Shabangu
     PTRSPH015 Sphesihle Petersen
      RDBOTH008 Othalive Radebe
     SMTOMP013 Omphile Smith
      SHBSPH015 Sphesihle Shabangu
      SMTOMP028 Omphile Smith
   VSGKAR003 Karabo Visagie
    TSTKAM038 Kamogelo Tsotetsi
     TSHLET020 Lethabo Tshabalala
     TSTLET024 Lethabo Tsotetsi
      TSTLES026 Lesedi Tsotetsi
    WTBJAY001 Jayden Witbooi
     WLLLUK010 Luke Williams
     WTBOFE020 Ofentse Witbooi
